1 53
1 64
1 67
3 68
1 101
1 103
2 117
2 121
1 122
1 147
1 153
1 156
2 158
1 162
1 165
2 185
1 191
1 192
1 197
1 200
2 241
1 247
2 271
1 276
1 279
2 281
1 295
1 304
2 306
1 308
2 309
2 317
2 321
2 327
1 337
2 341
1 343
2 348
2 351
1 374
2 377
1 382
2 383
2 389
2 391
1 392
1 394
1 402
1 406
2 413
1 417
2 418
1 421
1 442
1 462
2 476
1 479
1 485
1 487
2 488
1 491
2 492
3 495
2 503
2 512
2 514
3 516
3 525
2 540
2 548
1 560
1 564
2 572
2 575
1 577
2 581
3 587
1 596
1 599
1 603
1 611
1 619
2 620
1 628
1 638
2 641
2 650
1 651
1 657
2 663
1 671
2 673
2 676
2 688
2 690
3 692
2 698
1 707
1 708
1 719
1 721
2 724
1 726
2 732
2 740
1 743
1 749
1 752
2 758
1 761
2 762
1 770
1 771
1 774
1 775
1 778
2 782
2 788
2 792
1 804
3 819
2 823
1 832
1 833
2 848
1 849
1 853
2 858
1 866
1 870
1 875
1 885
2 905
1 911
1 914
1 921
1 924
1 925
1 933
1 935
2 939
1 940
3 949
1 955
3 957
2 958
1 965
1 967
1 970
1 980
1 982
1 986
1 1005
1 1010
1 1018
2 1020
2 1025
2 1047
1 1048
2 1055
1 1056
1 1065
2 1069
1 1070
1 1071
2 1086
3 1092
1 1106
1 1109
2 1117
2 1130
1 1132
2 1145
2 1149
1 1150
2 1168
1 1176
3 1182
1 1205
1 1208
2 1213
1 1221
1 1237
1 1269
1 1273
2 1278
1 1291
1 1315
2 1319
2 1321
2 1330
2 1349
1 1384
2 1408
1 1415
1 1432
1 1440
1 1445
2 1449
2 1453
2 1459
1 1464
1 1488
1 1492
1 1494
2 1500
1 1519
2 1536
1 1540
1 1549
1 1552
1 1556
1 1559
2 1562
2 1568
1 1573
1 1584
1 1591
2 1595
1 1596
2 1599
1 1606
2 1610
1 1611
1 1615
2 1633
2 1639
1 1643
1 1652
2 1653
1 1658
1 1668
1 1690
1 1704
1 1747
1 1751
1 1770
1 1794
1 1806
3 1814
2 1821
2 1827
1 1836
2 1843
1 1851
2 1866
1 1891
1 1892
1 1896
1 1900
1 1903
2 1908
1 1909
1 1910
1 1939
1 1944
1 1945
1 1951
1 1954
3 1965
1 1969
1 1972
1 1981
1 1984
2 1988
1 1997
1 1998
2 2008
2 2011
1 2012
2 2015
1 2021
1 2023
2 2025
1 2026
2 2031
1 2038
1 2045
1 2050
2 2054
1 2056
1 2057
1 2060
1 2075
1 2077
1 2080
1 2081
2 2082
3 2086
1 2089
1 2096
2 2101
1 2115
1 2123
1 2130
1 2142
2 2152
2 2156
1 2161
2 2172
1 2189
1 2197
1 2199
1 2210
1 2211
1 2220
1 2225
1 2227
1 2228
1 2229
1 2489
1 3010
1 3016
2 3021
1 3022
2 3083
1 3088
1 3090
1 3100
1 3118
1 3122
2 3134
2 3137
1 3138
1 3140
1 3150
3 3151
3 3152
2 3174
1 3206
2 3207
2 3211
1 3219
2 3230
2 3231
1 3234
1 3254
1 3258
2 3262
2 3272
2 3273
1 3283
1 3284
1 3288
2 3295
1 3296
1 3301
1 3320
2 3325
2 3326
1 3329
2 3335
1 3337
2 3338
1 3342
1 3350
2 3369
1 3375
2 3379
1 3380
1 3381
2 3392
1 3393
1 3402
1 3407
1 3422
2 3430
1 3434
2 3438
3 3444
1 3456
2 3457
2 3458
1 3463
1 3470
1 3471
1 3473
2 3476
2 3483
1 3485
1 3488
2 3499
2 3501
1 3505
1 3506
2 3509
1 3513
2 3516
1 3520
2 3522
3 3529
1 3532
2 3535
1 3536
2 3543
3 3544
2 3547
1 3548
2 3552
1 3559
1 3560
2 3561
1 3568
3 3569
1 3576
2 3578
2 3580
1 3581
2 3583
1 3585
1 3594
1 3596
1 3612
1 3618
1 3631
1 3646
2 3652
1 3653
1 3660
2 3663
1 3668
1 3669
1 3670
2 3671
2 3672
1 3673
3 3678
1 3683
1 3684
3 3686
1 3688
2 3692
1 3693
1 3696
1 3703
1 3706
2 3707
1 3709
1 3710
1 3714
1 3718
1 3719
1 3720
1 3730
1 3732
2 3734
2 3740
2 3763
1 3768
2 3770
3 3775
1 3776
3 3778
3 3780
2 3786
1 3790
2 3796
1 3798
1 3816
2 3823
2 3834
1 3838
2 3863
1 3869
1 3874
3 3878
2 3882
1 3885
2 3892
1 3901
2 3902
1 3914
1 3924
1 3933
3 3938
1 3942
1 3943
1 3945
1 3946
1 3951
1 3954
3 3957
2 3960
1 3962
1 3964
1 3966
1 3972
1 3973
1 3985
2 3986
1 3988
2 3992
1 3995
2 3996
1 4014
1 4023
2 4045
3 4052
3 4056
1 4073
1 4075
2 4076
2 4086
1 4098
2 4102
1 4108
3 4109
2 4111
2 4112
2 4118
1 4126
1 4134
2 4135
2 4140
1 4153
2 4159
2 4166
2 4179
2 4180
2 4181
2 4187
2 4188
1 4189
1 4196
2 4206
2 4219
1 4226
1 4241
2 4245
1 4268
1 4286
1 4288
2 4315
1 4329
1 4333
3 4345
1 4354
2 4379
1 4401
1 4425
1 4458
1 4463
1 4464
2 4477
2 4501
2 4504
2 4512
2 4516
1 4520
1 4526
2 4533
2 4543
2 4548
1 4556
2 4565
2 4569
1 4572
1 4573
1 4575
1 4589
1 4598
2 4601
1 4602
1 4607
1 4608
2 4611
2 4619
1 4622
2 4641
1 4645
1 4652
1 4657
2 4686
2 4696
2 4704
1 4709
2 4718
1 4724
1 4739
1 4740
1 4799
2 4801
1 4807
1 4824
1 4860
1 4861
1 4869
2 4872
2 4879
2 4883
1 4887
1 4892
1 4893
1 4904
1 4908
2 4925
1 4927
2 4948
1 4955
2 4956
2 4965
1 4967
1 4973
1 4975
1 4977
1 4980
1 4982
1 4987
1 4989
1 4991
1 4999
1 5008
2 5010
2 5015
2 5021
3 5022
1 5026
1 5029
2 5032
2 5033
1 5034
2 5037
1 5044
1 5051
2 5056
1 5057
1 5059
1 5061
2 5063
2 5064
1 5068
1 5071
1 5074
1 5082
2 5085
1 5088
1 5090
1 5103
1 5105
1 5107
2 5112
1 5117
1 5118
1 5120
1 5121
1 5128
1 5139
1 5151
1 5162
1 5166
2 5168
2 5173
2 5190
1 5199
1 5201
2 5208
1 5215
1 5229
2 5230
2 5231
1 5532
2 5739
1 5839
1 5841
1 5867
1 5893
1 5914
1 5964
1 6015
1 6046
3 6050
3 6103
3 6115
1 6132
1 6187
1 6222
2 6227
1 6232
1 6235
2 6236
1 6241
2 6245
1 6262
1 6269
2 6282
3 6287
3 6296
1 6300
1 6313
1 6314
2 6318
2 6319
2 6325
2 6332
1 6334
1 6336
2 6338
1 6364
1 6371
2 6377
3 6380
3 6384
1 6398
2 6399
1 6402
2 6418
1 6436
2 6464
3 6469
2 6474
1 6483
3 6488
1 6496
1 6501
1 6502
2 6504
1 6512
1 6520
3 6521
2 6522
2 6524
2 6526
1 6529
2 6536
1 6545
1 6557
2 6558
2 6560
2 6562
2 6568
1 6571
1 6573
2 6576
1 6579
2 6582
2 6583
1 6585
1 6593
2 6594
2 6595
2 6599
1 6600
2 6606
3 6613
1 6626
1 6639
1 6647
1 6652
2 6657
1 6666
1 6669
2 6670
1 6675
1 6679
1 6681
1 6682
1 6685
1 6688
1 6696
1 6699
1 6700
1 6703
1 6704
1 6706
3 6710
2 6711
1 6720
1 6722
1 6725
1 6727
3 6732
1 6734
1 6739
1 6749
2 6751
1 6752
1 6761
1 6763
2 6766
1 6767
1 6770
3 6780
1 6785
2 6788
1 6790
1 6813
2 6822
1 6831
1 6832
2 6842
3 6845
2 6855
1 6857
1 6862
1 6864
1 6876
1 6880
2 6881
2 6882
1 6884
1 6887
1 6889
3 6890
1 6895
1 6902
2 6906
1 6921
2 6923
2 6926
1 6927
1 6929
2 6930
1 6933
1 6934
1 6935
1 6938
1 6939
1 6946
1 6953
1 6957
2 6961
1 6966
1 6972
1 6973
1 6983
2 6984
1 6986
1 6989
2 6994
1 6995
1 6996
1 6997
3 6999
1 7005
3 7011
1 7012
2 7014
1 7021
1 7048
1 7059
2 7069
3 7072
1 7081
1 7087
1 7096
2 7097
2 7101
1 7107
3 7110
1 7113
3 7125
1 7127
2 7132
2 7137
1 7138
1 7145
1 7151
2 7169
2 7183
2 7186
2 7191
1 7193
2 7197
1 7202
1 7204
2 7205
2 7211
1 7213
2 7221
1 7222
1 7228
1 7236
2 7251
2 7260
1 7274
1 7290
1 7291
1 7294
2 7315
1 7329
1 7344
1 7361
1 7371
1 7375
1 7376
2 7381
1 7387
1 7388
2 7408
1 7418
1 7422
2 7447
1 7450
1 7454
2 7459
1 7460
1 7462
2 7476
1 7480
2 7482
2 7517
2 7520
1 7530
2 7552
2 7556
2 7564
1 7566
1 7583
2 7588
1 7590
2 7593
1 7597
1 7605
2 7606
2 7609
1 7611
1 7612
2 7617
2 7621
2 7622
1 7624
2 7630
1 7631
2 7636
1 7638
1 7643
2 7660
2 7661
2 7669
1 7672
1 7757
1 7763
1 7789
1 7797
3 7798
1 7799
1 7827
1 7834
2 7836
1 7838
3 7859
2 7887
1 7899
1 7900
1 7909
2 7921
1 7924
2 7936
1 7953
1 7959
1 7960
1 7963
1 7965
1 7980
2 7981
1 7982
2 7993
1 8000
1 8006
1 8008
1 8010
2 8011
2 8017
1 8030
1 8032
1 8038
1 8051
2 8057
1 8064
1 8066
1 8085
2 8087
2 8089
2 8092
2 8097
3 8113
1 8117
1 8123
1 8124
1 8143
1 8149
1 8175
1 8191
1 8193
1 8198
1 8209
1 8213
1 8214
1 8216
1 8218
1 8233
1 8241
1 8245
1 8248
1 8252
1 8258
1 8325
2 8640
1 8744
1 8818
1 8870
1 9008
2 9010
1 9038
1 9042
1 9061
1 9089
1 9098
1 9108
1 9116
1 9126
1 9127
1 9131
1 9132
1 9151
1 9195
1 9197
2 9206
1 9209
1 9216
1 9221
1 9228
2 9241
1 9252
1 9255
1 9258
1 9262
2 9263
2 9279
2 9288
2 9289
2 9292
1 9295
1 9296
3 9297
1 9303
1 9304
1 9306
1 9310
1 9315
1 9332
1 9335
3 9340
1 9342
2 9346
3 9347
2 9355
2 9361
1 9363
1 9372
1 9377
2 9379
1 9388
2 9392
2 9404
1 9405
1 9412
2 9417
2 9418
3 9427
2 9429
2 9434
2 9438
1 9449
3 9450
2 9452
1 9461
1 9467
2 9483
2 9484
2 9485
2 9486
2 9490
1 9495
3 9498
2 9499
2 9503
2 9508
1 9515
3 9517
1 9520
3 9523
1 9527
1 9535
1 9536
1 9537
1 9546
1 9551
2 9559
2 9561
1 9566
1 9567
2 9569
2 9570
1 9574
1 9576
1 9587
1 9596
2 9597
1 9598
1 9600
1 9602
1 9606
2 9609
1 9613
1 9616
3 9617
1 9619
2 9620
1 9621
1 9627
1 9628
2 9630
1 9632
1 9635
1 9637
1 9638
2 9642
2 9648
1 9655
1 9656
3 9660
1 9661
2 9665
1 9667
2 9671
1 9680
2 9691
3 9692
1 9693
1 9695
3 9713
1 9716
2 9731
3 9737
1 9738
1 9750
1 9752
1 9753
3 9764
1 9767
2 9769
1 9772
2 9777
2 9783
1 9784
1 9785
1 9787
1 9793
2 9801
1 9807
1 9809
3 9814
2 9817
1 9821
1 9829
1 9832
3 9833
1 9834
1 9837
1 9838
1 9840
3 9843
1 9845
2 9847
1 9849
1 9850
1 9853
2 9855
1 9862
1 9864
2 9865
1 9869
1 9874
1 9875
1 9878
2 9884
1 9893
1 9898
1 9902
3 9904
3 9907
2 9909
1 9911
2 9914
1 9923
1 9924
1 9930
1 9932
2 9940
1 9941
2 9942
2 9945
3 9950
1 9958
1 9962
1 9965
2 9975
2 9978
2 9979
2 9982
2 9991
1 9994
2 9998
2 10000
1 10007
1 10024
2 10032
2 10038
1 10041
2 10055
1 10056
2 10062
2 10070
2 10074
1 10076
1 10106
1 10110
2 10116
2 10118
3 10125
2 10172
2 10190
2 10201
1 10203
2 10229
1 10230
1 10237
1 10245
1 10247
1 10254
2 10255
1 10256
1 10263
2 10265
2 10278
2 10287
2 10297
1 10312
1 10329
3 10337
1 10352
2 10353
2 10362
1 10370
1 10387
2 10390
2 10401
1 10403
1 10404
2 10407
2 10419
2 10433
1 10435
1 10438
2 10444
1 10447
1 10460
1 10472
1 10482
1 10487
1 10489
2 10493
3 10513
1 10582
1 10627
2 10640
1 10641
1 10671
1 10676
1 10696
2 10697
2 10717
2 10724
2 10728
2 10730
1 10731
2 10733
1 10740
1 10746
3 10747
1 10760
2 10763
2 10765
2 10769
2 10773
2 10778
1 10783
1 10788
2 10790
1 10803
2 10826
2 10830
1 10833
1 10836
2 10837
1 10840
2 10842
2 10846
2 10847
2 10853
2 10855
1 10856
2 10861
1 10862
1 10870
1 10879
2 10886
2 10887
1 10889
1 10894
2 10895
1 10906
1 10909
1 10913
1 10914
1 10919
1 10929
2 10933
1 10934
1 10944
2 10946
2 10953
1 10964
1 10966
1 10970
2 10978
3 10980
2 10981
1 10985
2 10992
2 10998
1 10999
1 11000
1 11001
1 11007
2 11009
2 11021
1 11034
1 11050
1 11070
1 11091
1 11104
3 11105
1 11114
1 11120
1 11125
2 11127
1 11150
1 11159
1 11202
1 11215
1 11225
2 11232
1 11234
2 11241
1 11245
1 11247
1 11248
1 11260
1 11274
1 11287
2 11293
2 11297
1 11301
1 11303
1 11312
1 11317
1 11331
1 11336
1 11342
1 11349
1 11350
1 11351
1 11360
1 11366
3 11370
1 11372
2 11375
1 11380
2 11388
2 11399
1 11401
1 11405
1 11407
1 11411
1 11415
2 11417
3 11419
2 11420
2 11430
2 11437
2 11446
2 11454
2 11465
2 11467
2 11470
1 11476
1 11478
1 11479
2 11483
1 11488
2 11498
1 11499
1 11504
3 11506
2 11516
2 11517
2 11519
2 11522
1 11528
2 11529
2 11531
1 11532
1 11537
2 11539
3 11542
2 11544
1 11545
2 11548
2 11549
2 11556
2 11560
1 11561
1 11562
2 11563
1 11564
1 11568
1 11571
1 11574
1 11580
2 11581
2 11584
2 11586
2 11593
1 11596
1 11597
2 11610
1 11612
1 11617
1 11627
1 11630
2 11640
1 11642
1 11654
1 11659
2 11670
2 11673
2 11674
1 11683
1 11685
1 11688
1 11696
1 11697
1 11707
1 11709
1 11717
1 11721
1 11724
1 11735
1 11740
1 11746
2 11747
1 11752
2 11756
1 11757
2 11763
1 11767
2 11771
1 11773
1 11778
1 11782
1 11785
1 11787
1 11790
1 11791
1 11794
1 11795
3 11800
1 11803
3 11805
1 11811
1 11813
2 11818
1 11819
1 11821
1 11825
1 11830
1 11832
3 11834
1 11835
2 11837
1 11838
1 11842
1 11845
2 11846
2 11847
1 11848
2 11851
1 11853
1 11858
1 11859
1 11861
1 11866
1 11868
1 11877
1 11879
1 11881
1 11897
3 11899
1 11900
1 11902
1 11905
3 11913
1 11921
2 11928
2 11929
2 11932
1 11954
1 11965
2 11969
1 11975
2 11984
1 11998
1 11999
2 12001
2 12003
3 12005
2 12006
1 12019
2 12023
1 12029
1 12034
2 12035
1 12038
2 12043
2 12046
2 12049
1 12051
1 12055
1 12058
1 12066
1 12068
2 12069
2 12074
1 12087
2 12097
1 12100
1 12103
2 12105
1 12118
2 12137
1 12140
1 12141
2 12149
1 12177
2 12182
1 12189
1 12190
1 12213
1 12223
1 12237
2 12247
2 12258
1 12268
1 12281
2 12282
3 12299
1 12304
2 12306
2 12310
1 12312
1 12313
2 12314
1 12320
1 12324
2 12333
2 12341
2 12349
1 12356
3 12357
2 12364
2 12368
1 12369
1 12371
1 12379
2 12381
2 12384
2 12394
2 12396
1 12401
3 12406
2 12410
2 12420
2 12421
1 12429
1 12439
1 12446
2 12456
2 12461
2 12462
1 12465
2 12466
1 12473
1 12489
1 12501
1 12519
1 12535
2 12581
1 12583
1 12586
2 12589
1 12594
1 12597
1 12603
1 12627
2 12648
2 12674
1 12676
1 12684
1 12689
1 12699
1 12711
1 12715
1 12716
2 12721
1 12725
2 12727
2 12732
1 12735
1 12736
2 12738
1 12746
1 12752
1 12754
1 12763
1 12766
1 12773
1 12782
2 12790
2 12798
1 12806
2 12810
1 12811
2 12823
1 12830
2 12835
2 12845
1 12848
1 12850
1 12853
1 12857
3 12865
2 12871
2 12875
2 12876
2 12878
1 12883
1 12885
2 12886
1 12891
2 12909
2 12910
1 12911
1 12920
1 12933
1 12939
1 12942
1 12953
2 12954
1 12960
1 12970
2 12982
2 12984
1 12986
2 12987
1 12989
1 12990
1 12991
1 12994
2 12997
2 12998
1 13010
2 13011
1 13015
1 13016
1 13021
2 13025
1 13028
2 13036
1 13038
1 13041
1 13042
1 13046
1 13047
1 13052
1 13067
1 13068
1 13071
1 13080
2 13085
2 13087
2 13089
1 13090
1 13091
1 13092
2 13093
1 13202
2 13203
1 13205
1 13209
2 13215
1 13224
1 13225
1 13230
1 13234
1 13246
1 13265
1 13269
1 13285
1 13286
1 13287
3 13292
1 13294
1 13295
1 13298
1 13299
2 13308
1 13309
1 13310
2 13312
1 13313
1 13314
1 13319
1 13355
1 13357
1 13368
1 13372
1 13375
1 13380
1 13391
2 13396
2 13397
2 13400
1 13402
1 13409
1 13410
2 13411
2 13413
1 13418
2 13426
2 13444
1 13465
1 13474
1 13475
3 13514
1 13517
1 13538
1 13568
2 13593
1 13594
1 13596
1 13598
2 13606
1 13617
1 13624
2 13633
1 13662
1 13666
1 13680
2 13682
1 13686
1 13700
1 13703
1 13708
1 13717
1 13732
1 13746
1 13747
1 13748
1 13752
1 13759
1 13761
1 13763
1 13768
1 13771
1 13772
1 13773
2 13774
1 13776
1 13778
1 13857
1 13863
2 13866
3 13868
1 13876
2 13878
1 13887
1 13888
3 13891
1 13893
1 13902
1 13903
1 13910
2 13912
1 13914
1 13916
1 13929
1 13933
1 13936
1 13946
1 13947
1 13953
1 13954
1 13957
1 13958
1 13961
1 13964
2 13976
