3 2 3544 13426
2 4 13426 13427 8865 13355
3 3 3544 6511 3458
2 2 3458 3559
2 2 3559 11399
2 2 11399 13682
2 2 13682 9452
2 3 9452 6546 11528
2 2 11528 3392
1 3 11528 6415 9520
2 3 3392 7694 11247
1 2 11247 11301
1 2 11301 11274
1 2 11274 402
1 3 11247 13206 3393
1 3 3393 8132 13893
1 2 13893 3254
1 2 3254 11312
2 3 11312 6281 3272
3 2 3272 6296
3 2 6296 327
3 3 6296 9357 9404
2 2 9404 9295
1 2 9295 3320
2 2 9404 11498
2 6 11498 9295 3320 13880 11391 11342
1 3 11342 11391 13380
1 2 13380 406
2 2 9404 9438
1 3 11342 13381 13776
3 3 406 277 11370
2 2 11312 281
2 3 281 3384 13763
1 3 13763 266 9372
1 3 9372 6375 11245
2 2 11245 9346
1 2 11245 13876
1 2 13876 6402
2 2 6402 13878
1 5 6402 13876 13762 11265 13568
2 3 13878 362 13866
2 2 13866 13912
2 2 13912 389
2 3 389 8874 3380
2 2 3380 3295
2 3 13912 6802 9263
2 2 9263 13761
2 2 3295 3230
2 2 3230 548
2 2 548 9508
2 3 389 9048 5739
2 3 5739 3324 3381
2 2 3381 11232
1 2 3381 279
1 2 279 9252
1 2 9252 11260
1 2 11260 9306
1 2 9306 11372
1 2 11372 13299
2 3 9306 8646 9361
2 3 9252 388 6558
2 3 6558 3460 3532
1 2 3532 11478
2 2 11478 6236
2 2 6236 3473
1 3 3473 9496 11415
1 3 11415 13621 9535
2 2 9535 6595
2 2 6595 3438
2 2 6595 11517
2 2 11517 11401
3 3 11401 9414 11542
3 2 11542 9429
2 2 9429 11556
2 2 11556 9569
2 2 281 348
2 2 348 3288
2 2 3288 9499
2 2 9499 3337
2 2 3337 9731
2 2 348 6332
2 2 9731 9483
2 3 6236 6390 6282
2 2 6282 6334
2 3 6282 13907 3207
3 3 3207 11444 13292
3 2 13292 6521
3 2 6521 3499
2 3 3207 3312 3258
2 4 3499 9456 9560 11545
2 2 11545 3535
2 3 11545 9560 6582
2 2 6582 6501
2 2 6501 6524
2 2 6524 3561
2 3 9535 3514 514
1 2 3288 6314
1 2 6314 9262
3 3 11542 6440 6418
2 2 6418 3585
2 4 11399 13716 9494 3434
2 2 3434 6522
2 3 6522 466 8870
1 2 8870 13598
1 2 13598 3581
1 2 3581 13857
1 2 3581 9537
1 2 13857 442
2 3 9537 11520 6751
1 3 9537 11520 3730
1 3 3730 730 11659
1 2 11659 3696
1 2 3696 3709
1 3 3709 713 13717
2 2 3709 6711
1 4 9537 6586 6604 6573
2 2 442 11430
3 2 11430 9427
3 2 9427 13314
1 2 13314 13205
1 2 13205 9412
1 2 9412 9567
1 2 9567 13357
2 2 13357 3583
2 2 9412 6464
2 2 6464 11467
1 4 13205 13864 13766 13418
1 2 13418 417
2 2 11467 479
1 2 479 6512
1 3 479 9511 13662
1 3 13662 6462 3283
2 2 3283 9570
2 2 9570 3485
1 2 3485 421
2 2 421 6562
2 3 6464 13879 9551
2 3 13418 13765 581
2 3 581 11554 11539
2 2 11539 11522
2 2 11430 11532
1 3 13662 8312 9546
3 2 6562 3569
3 3 3569 557 3718
1 2 3718 6739
3 2 6739 13514
3 2 13514 13868
1 2 3718 9527
3 3 6739 9539 9692
3 2 9692 11630
1 2 11630 13287
1 2 13287 9661
1 2 9661 11627
1 2 11630 6720
1 3 11627 686 3683
1 2 3683 3670
2 2 6720 13606
2 3 9661 13882 9648
2 3 9648 9646 596
1 2 3670 6685
2 2 6685 11610
2 3 6562 11511 6576
1 4 6573 11691 3565 3548
1 2 3548 6571
2 3 596 665 11581
2 2 11581 3596
1 2 3696 13666
1 2 13666 9656
1 2 13666 6682
1 4 596 665 3654 9596
1 2 9596 3673
1 2 3673 11612
1 2 11612 3631
1 2 3631 9627
1 2 9627 11564
1 2 11564 11735
1 2 9627 599
1 2 599 6626
1 3 6626 13505 628
1 2 628 9613
1 3 9613 3657 671
2 2 628 11584
1 3 3434 9468 11479
1 2 11479 6483
2 3 11610 9608 6647
1 2 6647 11574
1 2 6647 619
1 3 619 3623 9621
2 2 9621 6670
2 2 6670 6700
1 3 9621 6643 11787
1 2 11787 9606
1 3 619 3617 11580
2 2 11580 11586
1 3 11479 6460 491
2 3 491 9454 3483
2 2 3483 6557
2 3 6557 13623 572
1 3 491 13743 11411
2 4 13776 13775 6459 341
2 3 341 11222 7482
2 2 7482 10493
2 3 6582 6487 3522
2 3 671 11615 9630
2 2 9630 6675
1 2 6675 9008
1 2 6675 3660
1 3 9008 6631 9598
1 2 9598 603
1 2 603 3776
1 3 3776 11734 9752
1 2 9752 6973
2 2 9752 6606
1 2 603 11568
2 2 6606 782
2 2 782 11861
1 2 11861 9924
1 2 9924 13310
1 2 13310 967
2 2 967 6926
2 2 6926 3885
2 2 6926 11790
1 2 967 925
1 2 925 9838
1 2 9838 6831
1 2 6831 3966
1 2 3966 6939
1 2 6939 11803
1 2 11803 955
3 2 955 819
1 2 3885 9750
1 2 9750 6862
1 3 6973 3773 6790
3 2 6790 3780
2 3 6790 3773 6788
2 2 6788 771
1 3 3660 13083 13313
1 3 13313 6680 9655
1 2 9655 6934
3 3 11790 13424 9904
3 2 9904 11846
1 2 6973 6946
3 2 6946 9907
2 4 6934 3679 13986 663
2 2 663 9638
2 2 9638 9620
2 2 9638 11640
2 2 11640 6529
2 3 6529 13367 698
2 2 11640 3692
2 3 3692 6712 9503
2 2 9503 13888
1 2 13888 13887
2 2 13887 11531
2 3 698 3666 3646
2 2 3646 9642
2 2 9642 641
2 2 641 6639
1 2 3646 6666
1 3 6666 9603 778
1 2 778 3612
1 2 3612 611
3 2 611 6780
3 2 6780 9738
1 2 9738 770
1 2 770 11721
2 3 11721 13333 9909
2 2 9909 13309
1 2 3612 9587
2 4 13887 13886 8335 9559
2 2 9559 3560
2 2 3560 6583
2 2 6583 9418
2 2 9418 11407
2 3 9418 8362 13368
1 4 11407 13237 1143 3488
2 2 3488 3547
2 2 3547 11470
2 2 9559 11516
2 2 11516 11642
1 2 11642 11488
1 4 3488 1143 13237 11562
1 2 11562 9574
2 3 9574 6537 11519
2 2 11519 13068
3 2 13068 516
3 2 516 3516
3 2 13068 11419
3 2 11419 3262
3 2 3262 9498
3 2 9498 3211
3 2 3211 68
3 2 68 391
2 3 3516 13081 9536
2 2 391 6241
1 2 6241 9363
3 3 9363 13423 3444
3 2 3444 6469
3 2 6469 13891
3 2 13891 587
1 2 13368 6545
1 3 9536 9472 3576
1 2 3576 13964
2 2 13964 11483
2 2 3576 6560
2 2 11483 6504
2 2 6504 3476
2 2 6504 575
2 2 575 3536
2 2 3536 11548
2 3 391 11456 6496
2 3 3476 73 11420
2 2 11420 6585
2 2 6585 9561
2 2 9561 11549
2 2 11549 13011
3 2 6585 11506
3 2 11506 9523
2 3 11420 6585 485
2 2 485 11563
2 2 11563 9434
2 2 9434 6599
2 3 13011 8839 3402
2 3 13011 551 9490
2 2 9490 3506
3 3 9523 9507 512
1 2 3506 3669
1 3 3669 9644 6688
1 3 9587 3641 9600
3 3 6469 9482 495
3 5 587 6570 529 8386 9486
3 3 9486 6444 6488
3 3 6488 6444 11560
3 3 6488 589 6594
2 2 6594 11417
2 3 11560 3574 6568
3 2 6568 9517
3 2 9517 11499
1 2 11499 708
3 3 495 6535 11388
2 2 11388 247
2 2 247 309
2 2 309 3326
2 2 3326 241
2 2 3326 374
2 4 241 309 336 11360
2 2 309 3234
2 6 374 6349 6325 9347 3368 3231
2 2 3231 8640
2 2 8640 317
2 2 317 11366
2 2 8640 13774
2 3 13774 6257 11331
3 3 11331 9320 9347
3 2 9347 6325
2 3 3234 3395 6377
1 3 6639 6784 3768
2 2 3768 762
2 2 762 958
2 2 958 11877
1 2 11877 9898
3 3 958 11875 11834
3 2 11834 911
2 3 11499 9545 11529
2 2 11529 11544
2 3 6711 3694 676
2 2 676 6679
2 3 641 9590 11794
3 2 11794 6613
3 2 6613 11593
2 2 11593 3594
2 2 11593 3770
2 2 3594 9609
1 3 11877 11711 6770
1 2 6770 11709
1 2 11709 752
3 4 708 9666 6693 692
3 3 692 9652 673
2 3 673 9652 3688
1 2 3688 707
2 2 707 688
1 2 3688 6725
1 2 6725 9515
2 3 688 6708 3703
2 2 3703 9665
2 2 9665 732
2 2 9665 3684
1 3 6241 6286 6336
1 2 6336 9335
1 3 6685 682 6703
3 2 6703 9660
2 3 11794 648 3652
1 3 6679 3665 9619
2 3 10493 11302 9485
2 2 9485 9221
1 3 3596 6619 6983
1 2 6983 3985
1 2 3985 6957
1 3 6957 3974 3924
1 2 3924 3943
1 2 3943 13269
3 3 11574 6799 11899
3 2 11899 982
1 3 982 937 11858
1 2 11858 9809
1 2 9809 9821
1 2 11858 11845
1 2 11845 6889
2 3 3561 6513 564
2 3 6599 553 3509
2 3 3509 3495 503
2 2 503 11465
2 2 11465 9495
1 3 9262 3319 3296
3 3 10493 9240 9340
3 2 9340 6222
1 3 3258 3340 9388
2 2 9388 321
2 3 3483 438 462
1 2 462 3407
1 2 3407 577
2 2 462 3430
2 3 3430 6429 476
2 3 476 6429 3457
1 3 577 13580 6761
1 2 6761 13680
1 4 11709 6962 9723 3946
1 3 3946 6960 9853
1 3 9853 9824 6927
3 3 6927 854 9764
2 4 9853 6915 3898 13308
2 2 13308 5532
2 5 13308 5532 3899 899 11819
1 2 11819 11821
1 2 11821 9840
1 2 11819 13225
1 2 9840 11838
2 2 11838 9884
2 2 9884 3740
2 2 9884 11697
1 2 11697 743
1 3 13225 790 3954
1 2 3954 3816
1 3 743 3737 3933
1 3 3954 13223 6966
2 3 3933 932 3902
1 4 3954 3909 798 7213
1 3 7213 9812 3945
2 3 3902 11852 885
1 3 3945 11870 9785
2 4 9785 6993 3858 13593
2 2 13593 13633
3 2 13593 3938
3 3 3938 3794 9767
1 2 9767 13224
2 2 9767 858
2 2 858 3986
2 3 9767 3794 939
2 3 939 9800 3874
1 3 3874 9846 11825
2 4 3986 9881 6800 6832
1 4 6832 6896 3871 875
2 4 3902 3735 13233 740
2 2 740 11688
2 3 3874 794 11756
2 3 11756 9839 13230
1 3 13230 9877 6902
2 2 6902 11851
2 2 11851 13768
1 3 13768 9819 6884
1 2 6884 6933
1 2 6933 9869
1 2 9869 970
1 2 970 980
1 2 9869 6986
3 2 970 11805
3 2 11805 924
1 2 6884 6880
1 2 6880 3790
1 2 924 3798
1 2 3798 6996
1 3 6996 6818 9787
2 2 9787 9817
2 2 9817 724
2 2 724 6921
2 2 9817 11673
2 2 11673 6734
2 2 6921 3892
2 4 6884 3940 11749 7183
2 3 7183 4080 1048
2 4 1048 13228 13644 4135
2 207 4135 13644 10094 13231 1178 9891 879 3810 6832 6800 13229 13224 6914 13633 13593 3858 6879 11870 9933 948 11737 3816 9813 11793 11819 899 3899 5532 6931 6917 3946 6960 8437 760 11877 958 3762 9736 3764 13872 9738 6780 3782 776 3780 969 11568 6631 9598 11598 656 3657 9613 13504 13900 11612 3673 653 9648 13882 11627 686 6720 9676 11663 9660 716 6716 3713 730 3730 6735 13717 713 9687 11676 9704 727 13377 11689 6761 13580 6584 11534 3577 6600 13235 9576 3757 3575 6597 409 3403 9573 11561 9419 11422 11405 3399 472 3449 6776 6474 13896 9430 9417 585 9744 3765 6768 11681 6738 6736 9674 11647 11617 11599 772 3653 7454 13404 789 6976 11853 9954 876 9860 7620 9912 9893 12473 7140 1088 10087 1108 792 11919 13413 13412 1201 4206 13410 13409 5081 4161 11979 1155 12049 10005 10073 7164 4145 13494 1071 11910 10061 11967 9989 7079 10120 4136 1130 9992 12025 10049 7139 1062 4120 1127 1198 4057 12088 10117 10046 4047 1041 1118 9980 7209 4194 1149 1189 12039 11957 7005 10026 1037 4061 1058 11953 9976 7065 4046 7166 11939 1145 9964 1013 11923 7132 4116 989 13304 7215 4199 12087 9945
2 2 9945 12087
2 3 4135 7153 9979
2 4 6734 9689 6955 758
2 3 9495 9510 6536
2 3 10493 3388 308
2 3 308 11291 3174
3 4 3174 3074 496 3152
3 4 3501 13070 11333 6103
3 5 6103 11333 507 9458 11446
2 3 6536 3758 13903
2 2 13903 3552
1 3 955 3958 6972
1 2 6972 9784
2 2 9784 11837
2 2 11837 11998
2 4 3740 11699 12169 6766
2 3 3457 3570 3470
1 2 3470 6593
1 2 3470 6520
1 3 6520 535 6579
1 2 6579 560
1 4 560 6280 11341 9304
1 2 6364 6235
1 2 6235 394
1 2 6235 3206
1 4 13680 3728 744 9716
1 3 9716 3577 6600
1 3 6600 11705 13234
1 2 13234 9576
2 3 13234 754 13312
2 3 13312 741 11670
2 6 11670 741 13312 9683 6743 6727
2 4 13234 11705 565 3707
2 5 3501 13070 11374 221 271
1 5 9809 6913 13993 13992 6953
1 2 6953 9849
1 2 6953 9874
2 3 9849 13991 3882
2 2 3882 11832
1 4 11832 11857 13924 935
3 2 935 949
3 2 949 965
1 3 965 13925 11868
1 3 11868 11887 13474
1 2 13474 9602
1 2 935 6857
1 3 9849 867 833
1 2 833 9875
1 2 9875 13910
1 2 13910 9837
2 3 9875 13405 9914
1 4 13910 13911 841 3914
1 2 3914 914
1 2 914 10203
1 2 914 11767
2 3 3914 11786 6930
2 3 6930 863 3973
1 3 6857 9818 11813
2 2 11813 6923
2 2 6923 9862
1 3 9862 13320 13475
1 2 13475 13319
1 2 13319 11905
1 3 13475 13560 11842
1 2 11842 9902
1 4 11813 13317 9791 9930
1 4 11842 922 13960 13957
1 2 13957 6895
1 5 11905 13319 3893 13959 849
1 74 849 13959 3893 11842 9902 9919 9783 11597 657 6677 9635 687 13311 3701 6743 9683 13312 741 9698 3738 11683 3755 11715 3573 588 11405 3399 472 3449 6776 6474 13896 9430 9417 585 9744 3765 6768 11681 6738 6736 9674 11647 11617 11599 772 3653 7454 13404 789 6976 9886 3979 3965 960 11894 9915 9900 11897 11839 804 11747 6925 9901 3907 6808 3951 11831 856 785 11778 9799 9887 6864
3 3 6895 13321 9833
2 3 9902 9919 9783
2 2 9783 11597
1 2 11597 657
1 3 657 6677 9635
3 67 9833 13321 13960 922 13318 9902 9919 9783 11597 657 6677 9635 687 13311 3701 6743 9683 13312 741 9698 3738 11683 3755 11715 3573 588 11405 3399 472 3449 6776 6474 13896 9430 9417 585 9744 3765 6768 11681 6738 6736 9674 11647 11617 11599 772 3653 7454 13404 789 6976 9886 3979 3965 960 11894 9915 9900 6978 9871 6938 6920 3919 11866 904 11811
2 3 11811 3851 3786
2 3 3786 11831 3951
2 3 6857 3526 11818
2 3 9783 649 9769
2 2 9769 6842
1 4 3973 3864 976 1109
1 2 1109 3988
3 3 3988 13885 4109
1 2 3988 7096
3 3 4109 13885 7127
2 4 1109 3988 7096 7211
2 6 7211 7096 3988 1109 976 1205
2 2 1205 12001
1 3 7096 4178 11965
1 4 6864 9887 9799 11848
2 2 11848 4112
1 3 11848 9921 11778
2 3 4112 7130 10038
2 2 10038 9941
2 3 6842 9610 3796
1 5 9635 3076 13906 11636 6706
3 3 3152 11426 11127
3 21 3152 11426 11127 11443 4640 126 104 11186 181 11080 6174 3151 3060 9100 9206 6186 3061 3161 204 6009 11105
3 3 11105 6009 67
1 3 11688 9703 6749
1 2 6749 11707
1 3 11707 3729 726
2 4 3509 11463 6533 3671
2 2 3671 11596
1 2 11596 651
2 3 651 3626 620
1 4 3945 11742 942 832
1 3 9941 9929 10041
1 3 10041 11907 9878
1 3 9878 12016 1005
2 3 3796 11588 6652
2 4 9979 10009 7068 1176
1 3 1176 747 12038
1 4 9221 592 415 11202
2 4 3945 3891 3799 6906
1 4 6972 3968 10027 3901
1 2 3901 12066
2 2 4159 13759
1 2 13759 4014
2 3 341 9275 3219
1 2 3219 6371
2 2 6371 9241
2 2 9241 11241
2 2 11241 13594
2 4 13594 11290 223 306
2 4 306 3210 9351 13617
1 4 13617 9351 3210 11336
1 4 6706 11652 11619 13746
2 2 13746 690
2 3 13746 11619 3663
3 2 3663 9617
2 5 6599 11535 3579 6449 13778
2 4 13617 289 11271 9289
2 3 9289 3378 3350
1 3 3350 331 304
1 5 304 331 3293 3203 6232
2 3 6232 3203 6319
2 2 6319 9288
2 3 9288 11355 9342
2 4 9288 13353 546 3568
2 3 3568 9568 3543
3 2 3543 525
3 3 525 3494 11454
2 2 11454 488
3 4 3740 6759 6762 9737
3 3 9737 11565 9597
2 2 9597 6657
2 3 67 9167 3137
2 4 11670 3738 11683 721
1 2 721 11683
1 4 11683 3755 574 11561
2 4 11561 9419 11422 11437
2 3 11437 11422 11405
2 4 6906 6959 9889 4098
1 2 4098 10024
1 4 11202 11097 3053 9098
2 3 9098 11072 117
2 3 540 9562 3463
2 2 3463 9484
2 2 9484 3369
2 2 9484 3422
2 3 9484 6378 377
3 4 3369 6378 7239 9297
3 4 9297 7239 6301 3301
2 3 3301 3205 6318
3 2 6318 6384
2 2 6318 9315
2 2 9315 9379
2 2 9379 9332
1 2 9332 11317
2 2 11317 11297
3 3 6384 6335 6399
2 3 9332 11270 351
2 3 540 11406 6526
2 4 351 11299 11378 9392
2 2 9392 6300
1 2 6300 3150
2 3 9392 9383 3273
1 3 3150 11136 200
2 95 9388 3340 349 6282 6390 6309 9277 7922 8646 9306 11288 334 9048 8545 6802 13912 13866 362 13878 13760 13876 13762 395 6332 348 3288 9499 3337 9731 9483 6342 6222 9340 9240 9501 308 6178 6099 11057 11443 4640 126 104 11186 181 11080 6174 3151 3060 9100 9206 6082 11056 165 11043 141 6078 11199 9106 6212 158 11081 11164 11125 9147 6125 6165 9108 6083 9143 9220 11067 3113 182 9088 130 205 9151 11040 11147 49 3148 9193 3106 9185 9209 6311 6397 9406 9329 9251 11231 9362 6345 9279
2 4 13759 12047 3857 10074
2 2 10074 7059
1 5 67 9073 9183 11056 165
2 4 165 11056 6082 9206
3 4 9206 9100 3060 3151
3 4 3151 149 11068 9197
1 5 9197 70 11059 11153 11150
1 4 11150 6172 90 11159
1 4 9197 70 11174 3140
1 5 9342 11298 11325 371 343
2 3 343 3364 3335
2 4 3335 6411 9384 9355
1 4 343 288 3225 9566
2 4 9355 9328 9260 3580
2 3 3580 11526 3520
1 4 3520 501 6481 9449
2 2 9449 418
2 5 488 9491 9519 559 11504
1 4 9878 3876 11860 940
2 3 12087 1194 10070
2 3 10070 1079 7069
1 194 12038 4065 10109 10024 4098 9889 6959 6906 9896 6817 3873 6966 6812 9797 6865 3898 13308 5532 6931 6917 3946 6960 8437 760 11877 958 3762 9736 3764 13872 9738 6780 3782 776 3780 969 11568 6631 9598 11598 656 3657 9613 13504 13900 11612 3673 653 9648 13882 11627 686 6720 9676 11663 9660 716 6716 3713 730 3730 6735 13717 713 9687 11676 9704 727 13377 11689 6761 13580 6584 11534 3577 6600 13235 9576 3757 3575 6597 409 3403 9573 11561 9419 11422 11405 3399 472 3449 6776 6474 13896 9430 9417 585 9744 3765 6768 11681 6738 6736 9674 11647 11617 11599 772 3653 7454 13404 789 6976 11853 9954 876 9860 7620 9912 9893 12473 7140 1088 10087 1108 792 11919 13413 13412 1201 4206 13410 13409 5081 4161 11979 1155 12049 10005 10073 7164 4145 13494 1071 11910 10061 11967 9989 7079 10120 4136 1130 9992 12025 10049 7139 1062 4120 1127 1198 4057 12088 10117 10046 4047 1041 1118 9980 7209 4194 1149 1189 12039 11957 7005 10026 1037 4061 1058 11953 9976 7065 4046 7166 11939 1145 9964 1013 11923 7132 4116 989 13304 12100
2 105 394 6235 3341 3277 11251 13419 317 8640 13774 6257 11331 11305 11276 268 3258 3312 13907 6282 6390 6309 9277 7922 8646 9306 11288 334 9048 8545 6802 13912 13866 362 13878 13760 13876 13762 395 6332 348 3288 9499 3337 9731 9483 6342 6222 9340 9240 9501 308 6178 6099 11057 11443 4640 126 104 11186 181 11080 6174 3151 3060 9100 9206 6082 11056 165 11043 141 6078 11199 9106 6212 158 11081 11164 11125 9147 6125 6165 9108 6083 9143 9220 11067 3113 182 9088 130 205 9151 11040 11147 49 3148 9193 3106 6084 6164 3063 3375 3286 6331 383
2 3 383 6331 295
1 2 295 11070
1 3 11070 69 147
1 3 147 9138 11114
1 4 295 6331 3286 3375
3 4 147 3007 11184 6115
3 4 6115 9103 9157 3021
1 4 3375 3063 6188 9209
1 3 9209 9308 11380
3 4 11380 11082 161 6050
2 4 3273 6385 11161 6046
1 3 11811 904 11866
1 4 11866 3919 6920 6938
1 3 6938 9871 11897
1 3 11897 9900 933
1 3 933 9915 11881
1 2 11881 6995
1 3 933 919 3964
1 2 3964 921
1 3 11897 11839 804
2 2 804 11747
2 4 933 3935 3903 9777
1 4 921 6956 886 6813
1 2 6813 9893
1 2 9893 12473
1 2 12473 12029
1 3 9893 9823 13958
1 3 12029 806 11746
1 3 11746 11810 10056
1 4 13958 9823 6883 1606
1 2 1606 3942
1 3 12473 7140 1056
2 4 1056 10087 1108 792
2 2 792 4111
2 3 4111 1074 1065
2 2 1065 13413
1 5 1065 13413 13412 1201 7107
2 2 7107 4206
2 2 4206 13410
1 2 13410 13409
2 2 13410 13411
2 2 13411 1086
2 2 1086 10731
2 3 1086 10731 7151
2 5 13958 9823 11871 12416 4512
2 3 4512 12416 1549
1 3 1549 12387 7530
1 3 1549 10804 10106
1 4 7530 12476 864 6935
1 3 6935 4583 13402
1 2 13402 12320
1 3 13402 1636 6997
1 3 13402 3564 10472
1 2 10472 10403
1 2 10403 7454
1 2 7454 3653
1 2 10403 6669
2 3 6669 9702 1599
1 4 6669 9702 6671 9632
1 3 9632 11614 9628
2 3 1599 12309 6436
1 3 6436 4605 6763
2 4 6763 4605 1539 11674
2 2 11674 8818
2 2 11674 1610
2 2 1610 4477
2 3 1610 13446 13444
2 3 9628 670 3672
2 3 4477 4545 4458
1 2 4458 7624
1 2 7624 4463
1 2 4463 3668
2 3 4477 4614 1536
2 2 1536 7661
1 3 6997 4755 1896
1 4 3653 772 11599 11617
2 3 11617 6692 9691
2 3 9691 9694 11696
1 4 11696 9726 9742 775
1 4 11617 11647 9663 13863
1 4 13863 6721 3717 3720
2 2 3720 3734
2 3 3734 3760 719
1 3 10106 13442 8123
2 3 8123 13439 12046
2 3 3137 3025 9038
1 3 9038 11065 3122
1 18 3122 11065 3172 66 195 11121 158 11081 11164 11125 9147 6125 6165 9108 6083 9143 11201 6132
1 4 13594 11353 354 11234
2 4 775 3587 585 9417
2 4 9417 11434 9446 9461
1 4 9461 9488 3519 11476
2 4 9461 13894 13896 6474
1 4 11476 6544 9516 3505
3 4 3505 533 9504 3529
1 4 6132 11067 9093 3100
3 4 6050 9149 3182 11091
1 5 11091 9117 9193 3148 156
2 2 11984 7193
1 5 3100 109 3003 11 3138
1 3 3138 11069 11120
2 5 12100 13304 989 4116 7132
2 5 3137 11066 11172 9094 3083
1 3 7454 11753 3714
1 2 3714 9932
1 3 3714 6976 11853
1 5 3505 533 11501 6454 487
1 21 719 3760 11729 750 6755 765 9744 585 9417 9430 6445 3421 6420 9571 3767 9729 11700 6771 9718 9677 9680
1 3 9680 9677 6704
3 2 6704 3686
2 3 12058 1164 9940
1 4 3100 6161 6083 9108
2 6 9355 11368 11214 261 3292 6262
1 4 6262 11347 3236 382
3 6 382 3308 3377 6348 6414 6380
3 4 6380 3259 344 6245
2 5 6245 11250 11326 9343 11349
1 5 6262 6333 9266 9330 11248
1 5 11248 3356 6279 6230 6398
2 3 6398 6341 413
1 5 6398 6369 9367 11323 11351
1 5 11091 3045 11147 11040 9151
2 6 9279 11376 9300 11160 11327 11215
1 110 394 6235 3341 3277 11251 13419 317 8640 13774 6257 11331 11305 11276 268 3258 3312 13907 6282 6390 6309 9277 7922 8646 9306 11288 334 9048 8545 6802 13912 13866 362 13878 13760 13876 13762 395 6332 348 3288 9499 3337 9731 9483 6342 6222 9340 9240 9501 308 6178 6099 11057 11443 4640 126 104 11186 181 11080 6174 3151 3060 9100 9206 6082 11056 165 11043 141 6078 11199 9106 6212 158 11081 11164 11125 9147 6125 6165 9108 6083 9143 9220 11067 3113 182 9088 130 205 9035 11123 11209 6023 11053 6147 3005 77 3128 3136 6160 11078 6115 14 9174 6151 9096 11176 9296
1 4 9296 11367 6176 53
1 6 53 137 3192 65 6145 122
1 4 122 3114 199 3090
1 3 3090 188 9127
1 3 9127 11100 9216
1 4 9216 3096 21 3022
1 4 3022 6116 3018 9132
1 4 9132 107 6041 6187
1 3 6187 3126 3088
2 2 3379 3329
1 2 3329 276
1 3 276 385 337
1 3 276 385 11303
2 3 11303 3359 11293
2 2 11293 3342
1 2 3342 9310
1 2 9310 6313
1 3 6313 3396 11287
1 3 11287 3396 9303
1 2 9303 9255
1 3 6313 9284 9405
1 4 9772 11824 11874 11773
2 2 9994 11969
1 4 9994 4163 1160 7081
1 2 7081 12051
1 3 12051 9976 12034
2 5 11969 7180 7077 4129 11921
1 3 11921 10026 7005
2 6 13409 5081 4161 11979 1155 12049
2 2 12049 4073
3 2 4073 7011
3 2 7011 3996
2 3 3996 7164 4076
2 3 4076 13494 1071
2 4 7069 10023 4139 4108
1 5 9108 6165 6125 9147 11125
1 3 11125 11164 162
2 4 11125 11164 11081 158
2 7 9206 11162 3050 6150 3187 3030 9061
1 3 4108 7203 12857
2 6 487 11485 518 6563 578 3578
2 5 3578 11523 9432 11421 6502
1 6 6502 3316 6366 9365 9243 11225
1 7 11225 11348 365 11321 6473 3404 11537
2 7 3578 6450 11449 9326 11335 11393 9258
1 6 11225 6275 9299 11319 3382 392
2 5 392 9354 11292 11243 6338
2 5 12046 2097 12855 13513 12773
3 7 6380 6283 11236 6346 231 11205 121
2 5 121 3220 3116 6247 6269
2 6 121 9122 11099 2 11107 9131
2 7 6269 9267 3347 11252 6370 9389 11375
1 6 11696 748 3748 9722 9739 11724
1 5 3088 6111 173 6214 9126
1 4 9126 3132 3034 192
1 4 192 6055 9083 101
1 5 192 6055 9083 6130 11050
1 6 11724 759 9720 6760 11706 9753
2 5 7005 11957 12039 1189 1149
1 6 162 30 9223 6179 3156 197
1 5 12857 5046 8111 4920 8038
1 5 12773 5050 13512 10774 7953
1 4 7953 78 12726 2089
1 2 2089 8085
1 4 7953 1922 12756 2026
1 4 2026 4928 4966 8117
2 4 2026 5067 10922 10837
2 8 1130 9992 7082 1204 4151 12094 10123 11954
1 7 9753 9592 3622 11578 615 464 3618
1 7 11050 3058 3082 6079 3040 11077 3016
1 3 3016 76 9089
1 2 9089 11104
1 2 9089 6015
1 3 11104 3069 103
1 3 6015 9064 9042
1 4 9042 9064 11063 64
1 2 64 11034
1 4 64 11063 6092 9116
2 6 9116 11142 6012 9203 9039 3134
1 4 8117 10881 12780 10913
1 3 10913 12863 7982
1 19 7982 12863 10881 8117 5089 5005 2089 8085 13502 1955 12702 10791 4932 13981 8108 2048 7960 10904 8030
1 3 8030 10904 7960
1 3 7960 4993 10760
1 6 7960 2048 8108 13981 4932 8051
2 4 10913 12809 12895 2101
2 5 2101 1948 13262 13263 5064
2 3 5064 13263 5105
2 3 5064 8090 5082
2 4 5082 12831 13979 13976
2 4 13976 13977 13978 10826
2 2 10826 12763
1 4 12763 8022 13289 1910
1 3 1910 10905 12754
2 2 12754 10887
3 2 10887 12005
2 4 13976 13977 10781 12314
2 3 12314 12218 1384
1 4 1384 10205 12722 10671
1 3 10671 7639 1573
1 4 1573 12161 9605 7924
2 5 1384 1216 1919 11687 1459
2 3 1459 10148 4686
2 3 1459 10187 12581
2 3 4686 12340 7556
2 3 7556 12397 7597
2 3 7597 12329 10353
1 3 7597 10508 12177
1 4 5105 13984 8098 8066
1 3 8066 1179 3456
2 5 3456 10108 4110 1980 10847
2 2 10847 12886
2 4 12886 1103 12092 9975
2 3 9975 1144 10118
2 4 9975 11952 7150 4187
2 3 4187 7013 1349
2 3 1349 10270 12182
2 3 12182 4353 5063
2 4 5063 12226 10324 8087
2 4 4187 10019 11993 7205
2 5 12182 10210 12295 7250 12105
2 2 12105 1273
2 3 12105 4278 5032
2 3 5032 8100 8011
2 2 8011 4315
2 3 4315 4344 10190
2 3 4315 12275 7447
2 3 7447 1238 1321
2 3 7447 10274 12247
2 2 10201 10287
2 2 10287 10229
2 2 10287 7344
2 2 10287 1213
2 2 1213 12258
2 2 1213 4219
2 2 1213 7260
2 5 8011 12734 6433 1344 10278
2 3 12886 4149 1908
2 2 1908 2054
3 2 2054 2086
2 3 1908 12844 12876
2 4 7205 10872 10030 4883
2 3 4883 4557 12420
2 2 12420 10401
3 4 2086 10794 5086 12137
2 2 12137 4045
2 6 12420 12490 1622 12241 7372 10255
2 4 10255 10001 11978 12462
2 2 12462 10116
2 7 10116 10088 12063 4104 1059 10358 12035
2 3 12035 12452 7593
2 3 7593 4544 4516
2 4 7593 4644 10077 4245
2 4 4516 1541 4459 4987
2 5 4245 12050 2843 4162 11929
2 4 11929 11968 12010 9991
1 7 7924 9605 12161 10470 4499 1576 12465
1 2 12465 12324
1 2 12324 10435
1 5 7924 10414 10357 7491 5029
2 3 5029 1521 12333
1 3 5029 2000 4893
2 2 4893 12871
2 7 9991 7122 10033 7190 4541 12404 1492
1 5 1492 7562 7469 10920 4425
1 4 4425 4996 12898 7965
2 3 7965 4559 1319
2 2 1319 7294
2 3 1319 4192 7606
2 2 7606 12282
2 2 12282 1653
2 2 12282 4501
2 3 7606 1884 4504
2 2 4504 10763
2 2 10763 1010
3 3 1010 4141 6999
3 3 6999 7240 4925
2 3 4925 1395 12141
1 3 12141 10841 4999
2 4 4925 1367 12767 2045
2 4 2045 531 7911 10733
2 3 10733 517 12356
2 5 10733 2006 10257 4167 7418
2 5 7418 8072 7019 10474 7609
2 3 7609 4009 7459
2 4 7459 12012 10364 9958
2 5 7609 1612 12086 7434 7101
2 3 7101 10517 12310
2 3 7101 10517 7097
2 4 7097 9999 4631 4619
2 5 4619 1036 10114 7653 3992
2 5 3992 4038 4185 7007 12019
2 5 12019 1125 4173 10101 7191
2 4 7191 4042 10034 7014
2 6 7014 12052 10076 1089 4091 11928
2 4 11928 4091 1089 10076
2 4 7191 11991 1096 13771
2 4 13771 1096 7146 1168
2 3 1168 4013 1055
3 4 10076 1089 11982 11913
3 3 11913 1146 7222
2 6 12310 10377 7502 12350 1448 9982
2 4 9982 4183 7004 9942
2 6 9942 11945 1162 4207 4165 9978
2 5 9978 7067 4050 7108 10062
2 5 10062 7108 13769 11938 4189
2 4 4189 11938 7152 1047
2 6 9978 9938 10093 10010 7071 13773
1 4 13773 11986 7027 4196
2 5 7186 9955 4096 12027 12068
2 5 9958 1139 4114 7129 12069
2 3 12069 10072 1069
2 4 1069 12045 4071 12074
2 3 12074 1184 10000
2 4 12069 10043 12015 4181
2 3 4181 9956 12055
2 5 10000 4186 10018 4205 13265
1 27 13265 4205 10018 4186 7105 1184 12074 4089 12093 10119 11944 4137 13772 10068 11822 900 3830 9905 3814 6898 6837 9835 11764 964 6918 6851 1150
1 5 9958 1139 1180 4634 1519
2 7 1069 7189 1084 10119 11944 4137 13772
2 3 13772 10068 12043
2 4 13772 10068 11761 4140
3 2 4140 9843
2 7 1047 7152 1187 12077 1131 11983 12023
2 4 12023 7192 4107 4023
1 2 4023 1018
2 5 1018 11926 1003 4177 7137
2 3 7137 7650 4134
1 4 4134 10431 10039 10404
1 7 1150 6851 6918 9854 3970 6981 11835
3 4 11835 912 9790 4052
3 3 4052 11915 13294
3 2 13294 7125
3 2 7125 13295
3 2 7125 7221
2 2 7221 7204
2 3 13295 4004 848
1 4 13295 1148 13432 7021
1 3 7204 7175 4126
1 2 4126 10110
2 4 7204 13306 1081 4086
3 2 4086 4056
3 2 7110 1025
3 2 7110 9950
3 5 9950 7110 4164 11925 12006
2 2 12006 1020
2 3 1020 11949 4102
3 4 1025 11985 7050 1092
2 2 4179 7197
3 3 1092 9968 7145
2 3 7145 1167 10055
2 3 7197 4094 9965
3 2 7113 7072
3 4 7072 11960 4142 10125
3 2 10125 12097
2 2 12097 7087
2 3 7087 7157 9998
3 2 9998 1182
3 2 1182 4188
3 4 10125 7187 7217 10032
2 4 4188 4100 7016 4118
2 3 4118 1024 4153
2 3 4153 11930 1117
2 2 4153 7169
2 3 7169 12056 9807
2 2 9807 11847
2 2 11847 6994
2 2 6994 9865
2 3 3962 7532 10444
2 3 10444 10512 12421
2 7 11835 6981 3970 3839 3895 9885 11771
2 5 11771 11808 916 4642 4572
2 4 4572 11744 7652 10433
2 7 848 6928 3981 3852 6922 959 6822
2 5 6822 898 6944 3944 11879
3 5 11879 6806 783 3977 957
3 2 957 6989
2 2 6989 6961
1 5 1492 1566 2061 7400 7909
1 5 7909 7974 1990 10371 1488
2 5 1488 1253 4293 12127 1330
1 9 1018 11926 1003 4177 4121 9948 7015 12048 4075
2 5 4140 6904 10397 1489 11752
1 3 11752 4612 7048
1 3 7048 10424 7631
2 8 1330 12127 4336 1403 12125 10193 4348 1315
2 5 1315 4348 7587 1427 7408
2 5 7408 12224 10293 12264 10438
1 5 10438 10425 12360 7516 1464
2 6 11929 9993 12423 1497 10349 8010
2 3 8010 2014 5033
2 6 12581 10488 10530 10660 7706 12583
1 3 12583 4224 1591
1 7 10438 12264 4251 10177 12191 10289 7376
1 4 7376 12260 10261 4401
2 5 12356 4939 3745 8081 10724
2 4 10724 8127 7511 5057
2 2 5057 12732
1 5 4999 12837 13965 13966 10856
2 8 10438 12431 7601 12417 1592 1563 7426 4379
1 6 12213 10241 4368 4350 12253 1415
2 5 1415 10165 1288 7323 10265
2 2 10265 1221
1 8 11537 9445 6424 3330 6379 1350 7343 4354
2 3 4354 1305 1278
2 4 1278 12117 10142 10329
2 3 10329 1233 9292
2 4 9292 7285 12584 1821
2 3 1821 12567 7228
1 3 7228 1808 1704
1 4 10329 1334 7328 10256
2 5 9292 10213 4340 10284 10312
1 5 7228 11307 278 11228 7375
2 5 1821 9553 1750 12696 4824
1 10 4073 12004 4143 13472 7188 7030 10028 1151 13466 13465
1 5 13465 13463 13462 13461 11999
2 29 11999 13461 13462 13463 13465 13466 1151 10028 7030 7188 13472 4143 12004 4073 9947 11979 4161 13408 11970 7176 4017 13414 4603 13437 12455 13342 2027 2095 8092
2 8 8092 2872 2848 13337 4981 13341 5037 12883
2 2 12883 5037
1 41 12883 5037 13341 4981 13337 2848 13338 13339 5099 13342 12455 13437 4603 13414 4017 7176 11970 13408 4161 11979 9947 4073 12004 4143 13472 7188 7030 10028 1151 13466 13465 13463 13462 13461 11999 7156 5069 13260 1977 13258 12725
2 5 8092 10835 5099 7970 2057
1 9 197 11085 9123 3121 9162 3008 86 3189 9195
2 6 12583 1825 4316 12370 1766 2015
2 4 2015 7790 8112 4973
1 9 6989 11750 6684 9798 12500 12443 10215 4551 7672
1 4 7672 4551 10521 12189
1 6 12725 2003 13488 5047 5091 12766
1 2 12766 1984
1 52 12766 5091 5047 13488 2003 12725 13258 1977 13260 5069 7156 11999 13461 13462 13463 13465 13466 1151 10028 7030 7188 13472 4143 12004 4073 9947 11979 4161 13408 11970 7176 4017 13414 4603 13437 12455 13342 5099 13339 13338 2848 13337 4981 13341 2090 13340 13335 13334 5006 13336 1920 10840
1 3 10840 10752 5074
1 59 5074 10752 10840 1920 13336 5006 13334 13335 13340 2090 13341 4981 13337 2848 13338 13339 5099 13342 12455 13437 4603 13414 4017 7176 11970 13408 4161 11979 9947 4073 12004 4143 13472 7188 7030 10028 1151 13466 13465 13463 13462 13461 11999 7156 5069 13260 1977 13258 12725 2003 13488 5047 5091 12766 2072 5041 8124 10777 10833
1 2 10833 5068
1 2 5068 13298
1 2 13298 7980
1 3 13298 12714 8124
2 2 7980 5010
1 6 1984 13485 12862 10743 13447 12806
1 7 1591 10547 10619 10550 10680 4764 1668
1 4 1668 10653 10584 12594
1 3 12594 11410 1794
1 4 1794 1297 10652 7274
1 3 7274 4866 7757
1 3 7757 4789 7789
1 6 7672 12678 7801 10655 4725 7763
1 5 5068 12757 12812 2020 12991
2 10 9195 94 9045 9055 11038 3092 9248 3168 312 3338
1 20 7376 10289 12191 1353 7292 1244 7225 7408 1427 4392 12122 12220 4388 1308 1281 12201 1394 1337 4371 7236
1 3 7236 12144 1291
1 4 1291 4297 1279 7329
2 6 7329 10227 1348 1392 12255 10297
3 5 10297 4412 7427 4424 12299
2 10 7381 13985 12249 1386 7223 7642 12277 12293 10491 4608
1 7 1208 12905 4216 12283 4396 10285 7387
1 2 7387 7371
1 11 7371 1335 4338 12243 7415 1404 10325 7231 1252 12196 10237
1 6 12177 1312 1243 10179 7425 4333
1 7 7757 4789 4793 7886 7815 1850 4724
1 9 4333 4232 10239 10308 1680 1662 1309 1800 10696
1 7 4724 12691 4818 12628 7731 4680 10627
1 4 10627 1877 1689 7799
2 6 7799 12544 10634 10560 13897 4704
2 4 4704 10839 12656 4709
2 6 5010 12856 7912 13481 10859 2096
1 2 2096 13372
1 4 13372 7133 7088 12989
1 3 12989 3854 9962
1 2 9962 2220
1 5 12989 12929 5160 10860 1939
1 4 1939 5196 5210 13914
1 3 13914 13915 13916
1 4 13916 2196 8205 12911
1 4 12911 5180 10988 13209
1 2 13209 12986
1 4 12986 12908 1095 12711
1 2 12711 2123
1 4 12986 5221 10930 191
1 3 191 12504 5199
1 3 5199 2216 10929
1 6 10929 7842 2151 1688 10566 8245
1 2 8245 7900
1 2 7900 1494
2 2 1494 13396
2 2 13396 13397
2 2 13396 4556
2 3 13396 1468 13391
2 3 13397 13395 12648
2 2 12648 5231
2 2 5231 10697
2 3 13397 12064 13400
2 3 13400 10400 8214
2 3 10697 13386 4696
1 3 8214 13919 7605
2 2 7605 4879
2 2 4879 10978
1 3 7605 10963 2229
2 3 4879 7770 12519
2 6 4696 12547 13382 12692 13383 12589
1 4 12519 4735 13858 1552
1 3 1552 12981 10966
1 4 1552 8693 7548 5914
1 4 5914 12981 13860 8248
1 4 8248 8219 10968 2115
1 5 2115 10968 12925 5117 8193
1 2 8193 5117
1 4 2115 12975 8207 5139
1 2 2050 10919
1 2 10919 1951
1 2 1951 10862
1 3 10862 12742 10803
2 3 2050 12900 2025
2 2 2025 1969
1 2 1969 1891
1 2 1891 2056
1 3 10803 10762 8006
1 2 8006 7959
1 3 7959 2094 2038
1 2 2038 1909
1 2 2038 8008
1 4 1909 12858 12747 12891
1 3 12891 12834 4989
2 5 4989 12834 13213 7972 4948
2 3 4948 12710 5034
1 3 1909 12802 2012
1 4 8008 5045 12794 4927
1 4 2056 12707 7950 10836
1 5 10836 12851 7954 7930 10788
1 4 2080 5054 11012 12830
1 4 12830 8078 1993 7963
1 2 7963 2081
2 8 7048 12331 13899 1723 4856 1787 7752 4801
2 7 4801 12605 7717 4837 4797 12540 7838
2 6 7669 1431 12326 5207 8247 8209
1 7 8209 2201 12993 8152 5125 10971 4645
1 4 4645 12323 1511 1540
1 3 1540 4630 1652
1 6 1652 2157 10983 1526 10997 12990
1 6 12237 4418 10974 4317 7362 4329
1 10 12237 12193 12154 7614 4393 1389 12240 12400 10423 12371
1 3 4520 12367 7566
1 3 7566 4560 10460
1 3 10460 12424 10487
2 7 10487 7651 12308 4502 4530 10430 7564
2 4 7564 10445 10458 1611
1 3 1611 7664 7450
2 3 7450 7496 7520
3 2 7520 12406
3 4 12406 4864 4673 7859
3 6 7859 1861 1667 7755 12576 7798
3 4 7798 4776 2155 2130
2 3 2130 12918 12910
1 10 7763 12657 4731 4847 12591 10667 4752 7746 4798 10641
1 2 12689 13703
1 2 13703 13752
1 2 13752 4861
1 2 4861 13624
2 2 13624 12674
2 2 12674 13596
2 3 12674 13624 13686
1 2 13686 13700
2 3 4543 1565 7887
2 3 7887 12664 4718
3 6 4718 1746 1786 7692 4804 1814
1 4 2197 5195 2203 2211
1 2 2211 8241
2 2 10933 2227
2 2 2227 5168
2 3 5168 10939 10998
2 2 10998 8143
2 2 8143 10946
2 4 10933 2175 8179 5107
1 3 5107 2132 2228
1 2 2228 12933
2 3 10946 8197 10419
2 3 10419 12903 12909
2 3 12909 8196 10999
2 3 12909 5223 8233
2 3 8233 10931 7476
2 4 7476 2167 12438 7636
3 4 7636 12438 10360 10513
3 2 10513 5112
3 4 5112 10432 5172 10980
2 3 8233 2190 5208
2 2 5208 12987
3 5 10513 5167 7553 8181 4533
2 3 4533 10405 4548
2 2 4548 12396
2 2 12396 10447
1 3 10447 13655 4589
1 3 4589 13612 7638
1 3 4589 1598 4575
1 3 4575 1585 11007
2 2 11007 12466
2 3 11007 2194 2152
2 5 7638 1641 12481 1654 10362
2 7 10362 12496 10502 12453 10515 12351 12364
2 2 12364 12379
1 2 12379 4573
2 2 4573 7621
2 2 7621 1568
2 2 1568 4602
2 2 1568 12394
2 2 12394 10390
2 3 4602 4643 1639
2 2 1639 1596
2 2 1596 12998
2 3 10390 8746 1449
2 3 1449 7500 10985
1 2 10985 12942
2 3 1449 5163 2172
1 3 12942 5152 12970
2 3 12970 5219 11021
2 3 11021 8215 10992
2 2 10992 650
2 5 10992 650 5191 2179 10964
2 4 1639 12494 12321 10981
2 2 10981 12349
2 2 10981 12982
2 2 12982 12306
2 2 12306 2199
1 2 2199 12920
1 2 12920 5121
2 2 5121 12984
2 2 2199 9010
2 3 9010 8161 5118
2 3 5118 5169 12954
1 2 5118 2161
1 3 12933 5220 12853
2 2 5208 5151
2 5 12349 11005 9091 8176 10953
1 3 2161 10961 8198
1 2 8198 8218
1 2 8218 5201
1 2 5201 5215
2 2 5201 5173
2 3 5201 5209 11009
1 6 12853 12999 10874 2035 5008 4980
1 3 4980 4934 12885
1 2 12885 10906
1 3 10906 12828 4982
1 2 4982 12716
1 3 12716 8491 1981
1 4 1981 8491 7679 10879
1 2 4980 5008
1 2 5008 10934
2 4 10879 10736 7915 5056
2 2 5056 4892
1 3 4892 5000 1997
1 2 1997 5088
1 2 5088 4526
2 2 4526 10855
1 5 5088 1997 12772 8378 1944
1 3 1997 2052 8325
2 2 8325 12845
2 2 8325 7993
3 2 7993 10747
3 2 10747 10790
2 2 10790 7936
3 2 10747 2023
2 2 7936 10846
2 2 10846 12798
2 2 12798 5051
1 2 5051 8252
3 2 10855 8113
1 3 8252 11020 5120
2 2 5120 2156
2 3 7993 1887 5026
2 4 12845 12703 10864 12790
2 3 2156 8199 5162
1 2 5162 10970
1 2 10970 8213
1 2 8213 8149
1 3 2023 4969 10482
2 2 10482 7630
2 2 7630 7617
2 3 7617 4624 1633
2 3 1633 4624 4611
2 2 4611 12878
2 2 12878 13087
2 2 13087 13092
1 2 13092 5964
1 2 5964 5893
2 2 13092 1988
2 2 1988 13748
1 2 13748 2075
2 2 2075 10728
2 2 10728 8258
3 2 8258 12865
3 2 12865 6227
2 2 6227 13093
2 2 13093 12823
2 2 12823 10886
2 2 10886 7460
2 2 7460 10842
2 2 10842 13708
1 2 13708 1900
3 2 12865 2031
2 2 2031 5841
1 2 5841 13732
3 2 12865 8017
2 2 10886 13085
2 2 10728 12738
1 2 13708 13747
1 2 1900 2021
1 2 2021 10889
2 2 10889 12810
2 2 12810 10773
2 2 12810 8089
3 2 8089 1965
3 3 1965 7913 2011
2 2 2011 2008
2 2 2011 4956
2 2 2008 4887
1 2 4887 8032
1 2 13708 4991
1 2 4991 8744
1 2 8744 2077
2 3 2008 5052 10172
2 2 2077 4965
2 2 4965 12715
2 2 8089 10730
2 2 4956 5021
2 3 8032 2051 13089
2 2 13089 12746
1 2 4991 4904
2 3 5021 2083 12721
2 2 12721 12835
2 2 12835 10769
2 2 10769 2060
1 2 2060 5061
1 2 5061 6785
1 2 6785 12369
2 2 12369 5015
1 2 2060 10746
1 2 2060 12811
1 3 5061 6987 12782
2 3 12782 1927 12341
3 2 12341 5022
3 2 5022 10861
2 2 10861 3960
2 2 3960 2082
2 2 3960 10778
2 2 10778 9829
3 2 5022 7836
2 2 7836 7981
2 2 7836 12875
2 2 12875 8064
2 3 2082 13941 5085
2 2 12341 12410
3 2 12410 10337
3 2 10337 1500
2 2 1500 12313
1 3 12313 13937 1643
2 2 1643 1453
2 3 1453 7524 7552
2 3 7552 7524 4464
1 3 4464 7668 7480
1 3 4464 7668 1615
1 2 1615 12429
2 2 12429 4565
1 2 12429 4622
1 2 4622 7422
1 2 7422 12735
2 2 7422 492
2 3 492 11942 10352
1 3 12429 8110 11717
1 2 8064 4955
1 2 4955 1998
1 3 12735 12803 5059
1 3 5059 10824 12501
1 2 4955 10894
1 2 10894 1954
1 2 10894 10740
2 2 10740 8097
1 3 1643 7599 1559
1 3 1559 7555 12401
1 3 1998 12301 12848
1 4 5059 10281 1758 10909
1 2 10909 5090
2 2 5090 12384
2 2 12384 638
1 3 638 10492 7583
1 2 638 7612
1 3 7612 10437 11975
1 3 11975 1547 7202
1 3 7202 10029 7012
1 3 7012 7134 7138
2 3 11975 1480 12381
2 3 12381 12353 1556
1 2 1556 1584
1 2 1584 7388
1 2 1584 12439
1 2 12439 866
1 2 866 10489
1 2 10489 9834
1 2 7388 12752
2 2 9834 1843
2 2 1556 10407
1 3 5090 9967 7643
1 3 11717 7464 7797
1 3 12848 13943 3972
1 3 10746 10800 12850
2 2 12850 10830
2 4 2082 13940 8025 5103
1 3 5103 1618 1806
1 3 1806 4811 4740
1 3 1806 9802 7834
2 2 7834 10717
2 3 10717 1564 10370
1 3 10740 3867 13375
1 3 13375 8070 4975
1 2 4975 12684
1 4 4975 3883 13373 1972
1 3 1972 13373 10914
1 2 10914 5044
1 2 5044 5071
2 3 5071 13214 10765
2 2 10765 4908
1 2 4908 4977
1 2 4977 1945
2 2 1945 8057
2 3 8057 4946 10895
2 2 10895 7921
2 2 7921 10853
1 4 1559 10355 7543 12489
1 5 7138 7083 10051 1019 1132
2 3 5071 7920 3834
2 2 3834 10783
1 2 10783 853
2 3 10783 12833 13215
2 2 13215 12461
2 2 12461 1562
2 2 1562 7517
2 2 7517 11757
3 2 11757 9814
3 2 9814 9855
2 2 7517 823
2 2 9855 10387
1 3 11757 10483 11795
3 2 9814 11859
2 2 11859 6881
2 2 6881 986
2 2 9855 9911
2 2 12461 1892
1 4 986 3840 6861 6876
2 4 6876 4518 13604 11763
2 2 11763 1432
1 3 6876 6861 9637
2 2 9637 9671
3 2 9671 3678
3 2 3678 6699
3 2 6699 9713
1 2 10387 4657
1 2 4657 4799
1 2 4799 13961
1 2 13961 12699
3 6 3678 6699 9713 11658 677 6681
1 2 1432 4607
2 4 10370 1441 1621 4569
1 12 1945 4977 4908 10848 2069 12833 13216 12859 7964 1904 8119 12736
2 5 1132 4168 6943 9876 788
2 4 788 11738 11841 3823
3 3 3823 873 3957
3 2 3957 6984
2 2 6984 6929
2 3 6984 822 11785
3 3 11785 6869 6845
3 3 6845 11782 11900
1 2 11900 11740
1 2 11740 9864
2 2 9864 9801
2 2 9801 11782
2 2 11782 3863
2 2 3863 3693
2 2 3693 6882
3 2 6882 3878
3 2 3878 9847
2 2 9847 9850
1 3 9850 6909 9832
1 2 9832 11830
1 3 11830 13241 3710
3 3 3710 715 6732
2 3 11830 3906 905
1 4 9850 908 3806 9693
3 3 6732 3712 3732
1 2 3732 7462
1 3 7462 6719 10230
2 4 10230 10174 7433 12149
2 2 12149 7291
2 2 12149 12223
3 3 7291 9601 4345
3 3 4345 4270 3778
2 4 12149 7433 13955 10247
1 2 10247 13954
1 2 13954 13953
1 5 6929 11758 11769 6823 9923
3 4 9923 9789 11789 11800
3 3 11800 4442 6890
3 7 6890 9825 3685 689 11656 6710 9667
3 2 9667 6710
3 4 6890 9825 3853 6855
2 3 6855 9775 4601
2 2 4601 1445
1 2 1445 6696
2 3 4601 831 11791
1 2 11791 870
2 4 6696 1881 10448 1595
2 4 9923 3941 7646 7588
1 4 870 11637 695 11685
3 5 11685 11641 9654 6713 9450
3 2 9450 12368
2 2 12368 12312
3 2 12312 12357
3 2 12357 12456
2 2 12368 7611
3 3 12357 9657 4166
1 4 9667 9711 11725 774
2 2 774 3763
2 2 3763 749
1 2 749 11654
3 2 3763 3775
1 3 7834 4757 10676
1 2 10676 12586
1 3 12586 10666 1770
1 5 12684 10642 13945 13950 12627
2 3 12627 10588 1827
2 2 1827 13947
1 2 13947 3869
1 2 13947 13946
2 2 3869 10640
1 2 13947 1658
1 2 1658 6887
3 6 3775 9583 9585 11728 3640 9467
1 3 9467 7366 4869
2 3 5162 12969 5190
1 4 1770 12418 11971 4807
2 2 4807 1866
2 2 1866 6752
1 5 6752 10618 13930 10685 13929
1 3 13929 10685 3719
1 2 3719 12597
1 3 3719 1752 1836
1 3 1836 12566 6722
1 3 6722 4839 1747
2 3 5190 12983 12997
2 2 12997 2225
1 2 2225 12953
1 2 12953 5166
1 2 5166 8191
1 3 12953 5202 2210
1 2 2210 5867
2 3 5867 8225 5230
1 2 5867 13902
1 5 9467 6510 10249 7875 11902
1 5 6752 6827 12550 1734 6767
1 2 6767 7899
1 3 7899 1769 11571
1 4 4607 4736 1862 7827
1 7 7827 7756 13702 12607 10556 1789 9695
1 2 9695 12535
1 3 12535 13726 10582
1 4 9695 1789 10556 9616
2 4 12597 11667 1873 4872
1 5 9616 12553 10687 12673 1690
1 3 1690 12124 12676
1 4 12676 1854 1857 13936
1 3 13936 1262 3706
1 4 12676 1854 11712 4860
1 4 4860 12572 12585 1851
1 3 3706 7787 3010
1 3 4860 10593 13933
1 4 13933 10552 11440 4739
1 4 4739 3481 12663 12603
2 7 1690 12673 4747 10690 10155 12214 7315
2 4 7315 10157 4428 1408
2 4 7315 7442 7255 3513
1 3 3513 4328 12281
1 4 12281 528 10151 3471
1 9 10247 4287 1282 4342 4285 1424 7304 7644 7361
2 3 7660 10484 4598
2 3 4598 7632 4641
1 5 10964 12928 12914 5228 11000
1 3 11000 5171 12994
1 3 12994 5146 11001
1 3 11001 8195 8216
1 3 8216 10965 10944
1 2 10944 5229
1 4 4869 1782 12701 761
2 5 12987 5115 10959 8189 2142
1 4 2142 12916 12902 5839
1 3 5839 11010 8175
1 3 8175 2147 12939
2 8 1408 1393 4385 10258 4870 10548 1799 13202
2 3 13202 10707 13203
2 8 13203 10707 12816 13720 13613 13963 4848 13091
